	PFF_Colon_11	PFF_Colon_12	PFF_Colon_13	PFF_Colon_14	PFF_Colon_15	PFF_Colon_16	PFF_Colon_17	PFF_Colon_18	PFF_Colon_19	PFF_Colon_1904	PFF_Colon_1906	PFF_Colon_1907	PFF_Colon_1908	PFF_Colon_1910	PFF_Colon_1913	PFF_Colon_1914	PFF_Colon_1917	PFF_Colon_1920	PFF_Colon_1921	PFF_Colon_1937	PFF_Colon_1938	PFF_Colon_1941	PFF_Colon_1942	PFF_Colon_1943	PFF_Colon_1944	PFF_Colon_1945	PFF_Colon_1946	PFF_Colon_21	PFF_Colon_25	PFF_Colon_27	PFF_Colon_28	PFF_Colon_30	PFF_Colon_32	PFF_Colon_35	PFF_Colon_36	PFF_Colon_37	PFF_Baseline_11	PFF_Baseline_12	PFF_Baseline_13	PFF_Baseline_14	PFF_Baseline_15	PFF_Baseline_16	PFF_Baseline_17	PFF_Baseline_18	PFF_Baseline_19	PFF_Baseline_1921	PFF_Baseline_1937	PFF_Baseline_1942	PFF_Baseline_1943	PFF_Baseline_1944	PFF_Baseline_1946	PFF_Baseline_25	PFF_Baseline_26	PFF_Baseline_27	PFF_Baseline_28	PFF_Baseline_30	PFF_Baseline_32	PFF_Baseline_35	PFF_Baseline_36	PFF_Baseline_37
PFF_Colon_11	0.0	0.6292169746809156	1.1734323517103507	0.3684484883160439	0.44864257930842893	0.6815858453572549	2.6312495054037655	0.6987487004827381	0.5787196753093344	0.655722131248103	0.5598226620784716	1.3210238064621422	1.048271632096311	1.6971976568119036	0.4690317212582297	1.0051032720662563	1.844897298568607	2.9867178438093145	1.349381884397711	1.3957569471271862	0.4758372086664233	1.543405427883505	0.8311502509841142	1.0955660735607051	1.112172117093835	0.42379694214572383	0.576906685934403	1.1333672856471468	0.5577434204606866	1.281579293687009	1.4745961087341266	0.34487912658460235	0.9858697885258608	0.3868515650964061	0.5903086116146953	0.3390755460856071	2.5030090604097146	2.0861335267298826	2.329038717115152	2.149168871856207	1.9075886882998607	1.9380397343855456	2.4138365796942116	2.28493857679653	2.3337136739243993	2.229086621053449	1.6067525745907807	2.3556002523113517	1.8322537377283226	2.4181124735149506	2.2778050376312575	2.3250923366081455	2.2413897475356697	1.9807347712957228	1.8799856447449175	2.757244184794148	2.217178859627445	2.121329078283301	2.427551175515602	2.173058192453084
PFF_Colon_12	0.6292169746809156	0.0	0.6673951343793886	0.5562732622148291	0.7454870840561066	1.1784223090402766	3.208436848521063	1.243798743938941	0.25081817569051285	0.8178577856427405	0.12395290240287664	1.8720308472267226	1.5042844278141565	2.2170024387748697	1.0039330929695702	1.61343552068017	2.4088095768745394	3.56052305238003	1.932532459621211	1.9002119403448836	0.9257671708062549	2.097320088850573	1.1859236293890865	1.5606741137251585	1.5367610942081775	0.8840884799493764	0.40474607192951007	0.9824834482496468	0.36338357882202615	0.6924319974471955	1.0197962611610247	0.880627636260253	1.5741843950645282	1.0074390849334427	1.170728432540276	0.8257993525565236	1.9976143912391118	2.2714686364150443	2.4332207294355697	1.7991972245339294	1.7877528650043741	1.8224349091647036	2.8382137701789474	2.5747771634564764	2.626640831758571	2.5338356629309184	1.8065464648870226	2.7271468502363376	2.093070879053087	2.1442988500224542	2.510693369457432	2.605888575614642	2.102119057889521	2.320235341740812	2.1762069528047596	2.274157646409451	2.3620355505790207	2.0698303019550504	2.563648947906107	2.4819540882513507
PFF_Colon_13	1.1734323517103507	0.6673951343793886	0.0	1.0873730001510646	1.3669338462093115	1.7783137255185337	3.7555308670600565	1.8334394017508584	0.6560367075679979	1.0466749059042293	0.6544926991431773	2.289762164766719	1.8872951927622676	2.610740329745564	1.5035092282654625	2.169027710928753	2.8785543060817145	4.062160772097391	2.4691381755187582	2.5336799005171615	1.3427979874875002	2.5739905775848806	1.7704963772901752	2.1708592152576323	2.1240794878237135	1.3033688002077306	0.9181754897710634	0.9398369711953379	0.6388415611680655	0.5842054932579577	1.1138061284255767	1.474109498302706	2.058866871390449	1.5518695738017454	1.7273309693954444	1.290667056548536	1.3932533936232494	2.3201360480807653	2.4028462176509477	1.2855955620726771	1.537893695295247	1.584335743145001	3.105110766093255	2.6989370877400787	2.7510771857006793	2.686065912049324	1.8704283691091466	2.933775924441969	2.248186178065313	1.7345159773072572	2.585195248466149	2.725344704499159	1.7952157435639726	2.5157396340520752	2.3363178404265326	1.6807359504526724	2.3559255160756605	1.901987998885437	2.540899755915696	2.6474554050521886
PFF_Colon_14	0.3684484883160439	0.5562732622148291	1.0873730001510646	0.0	0.34318589773800945	0.7084687607025107	2.892645310287084	0.9744952782096739	0.4334914771916327	0.9280867650184095	0.5054286843928613	1.6584602668996709	1.4136357658680452	2.044381536374608	0.8307575561792143	1.2382281470819683	2.1635920100809343	3.2763842623600223	1.6350136619763278	1.4928009281918801	0.8348693211587009	1.8703997861173962	0.6994193515124558	1.0909954968001372	1.0410611298157801	0.7782966509036382	0.27680593323571623	1.334432480466819	0.6062662916741626	1.0672513704777393	1.1616649863502182	0.6345712712617722	1.3033368297578987	0.6621815681133275	0.8944833040728136	0.7029729142166022	2.4750207584825437	2.41637511015069	2.641462468968468	2.2274854925606844	2.1171393135667134	2.153713142827981	2.774364456445843	2.6343685457968116	2.6836199947268837	2.5831425778962567	1.9255899442985855	2.714779964177333	2.1822476949453704	2.563904713567803	2.6179951073229106	2.6746456343945946	2.442020410671712	2.3379450341050543	2.2310328602054454	2.7530858067118764	2.53515477871538	2.3750009694626946	2.745362228247928	2.5289491955148953
PFF_Colon_15	0.44864257930842893	0.7454870840561066	1.3669338462093115	0.34318589773800945	0.0	0.4614729262692087	2.6819206742025146	0.781174613325538	0.7192054113001802	1.0919155787262618	0.7345516731106904	1.594310319001151	1.3928776611828295	1.9733922166874485	0.7955540283904395	1.0624430775473244	2.0305750829846287	3.0965787853616025	1.4621156418507806	1.1995560767527456	0.8900651627706488	1.74181608430665	0.46150955866183596	0.8179063074711455	0.7963537740926881	0.847396899160976	0.5025219059961769	1.5133574512443837	0.8641779353460545	1.2752937251517125	1.2954181258884094	0.5021280404910671	1.2068890314264689	0.579730493440539	0.7595641971911862	0.7510587539951825	2.7362521298814833	2.5064337388736653	2.7512408480065007	2.4847293262488983	2.3187980510761883	2.3489607583361605	2.7518334075476876	2.687484416923438	2.735099594766843	2.6232298989420073	2.040466769839518	2.7259983921087247	2.233647774637997	2.787150768881644	2.6919616361709515	2.7273257517508243	2.651919197517208	2.3675908819608042	2.282304036323561	3.0121290674789782	2.643745111038868	2.5389494400412014	2.8528807012943287	2.5636039528951273
PFF_Colon_16	0.6815858453572549	1.1784223090402766	1.7783137255185337	0.7084687607025107	0.4614729262692087	0.0	2.29898680574882	0.6073049627500445	1.1255481487975056	1.2966547573518086	1.1467793434872386	1.386966603116116	1.328490571689262	1.7651885251786625	0.8057857060664362	0.7061340071277644	1.737596029325403	2.7345483988740686	1.1443111243792619	0.7941025612772787	0.9772241463174565	1.481878689483632	0.3296704568268451	0.41513277393955467	0.453902253245611	0.9470113850379028	0.9350731834650498	1.798161969625311	1.2157450667598284	1.7283727435777623	1.7099902115379464	0.5555077324086919	0.9808970871135229	0.5027525602346645	0.6204716488792154	0.8662085453240482	3.1475421012319473	2.5655844722736743	2.8528572779101697	2.829619103371593	2.560613210864009	2.5876116854315274	2.6067967185357626	2.664056282470608	2.7072682627903504	2.58964395134428	2.1187811550142563	2.6325685025264685	2.2519482824748716	3.094112861847965	2.710523706433425	2.7085143542775905	2.895720918642501	2.319282769825566	2.273876717176577	3.414058052231803	2.7246513525831406	2.7384074390928235	2.931745405570343	2.5286806945240743
PFF_Colon_17	2.6312495054037655	3.208436848521063	3.7555308670600565	2.892645310287084	2.6819206742025146	2.29898680574882	0.0	1.9699056085857407	3.209491277241123	2.8000881828082056	3.164509361757714	1.6002816952390222	2.0138773474419427	1.4620997731732515	2.2521479344570046	1.660524437382987	1.0131212188101084	0.5427237249580558	1.288272175211624	1.7209315998706183	2.4298287237717147	1.256568497546871	2.568974710980585	2.165817725921892	2.351134240707673	2.4651187856415313	3.1382387685649613	3.231437537165491	3.1199538983958397	3.8811935159249065	3.973737586632704	2.33366790381675	1.7154224404755247	2.2555642874543915	2.04618754662094	2.4662310256081343	4.911878263441498	2.883116504352141	3.230102175716447	4.331773559560103	3.664515081885387	3.6597585110472677	1.945136504087756	2.591208778508981	2.595536216237504	2.4854994377033157	2.7742892145150826	2.2339211020476	2.519062185713802	4.330622212241125	2.800505057140644	2.6267255688081246	3.9369829508740795	2.2963780503237747	2.451681407204081	5.095849030074583	3.0855098094096487	3.5786869368457563	3.205238064607189	2.4372702332738343
PFF_Colon_18	0.6987487004827381	1.243798743938941	1.8334394017508584	0.9744952782096739	0.781174613325538	0.6073049627500445	1.9699056085857407	0.0	1.2608583534729152	1.0604625708438673	1.2083396569724525	0.9053767932160208	0.8065000152341734	1.2507776594300988	0.43490993655486676	0.4549471645850572	1.2719204050796356	2.3524362462860804	0.7184974744100531	0.8826589890327154	0.670411583756553	0.9796130550120079	0.9182083287669625	0.8502472487541172	0.9931429031524323	0.6814146049061027	1.1930678030723887	1.5385638241875021	1.2098904799759076	1.911574072156764	2.0448031737705277	0.36902975609598226	0.5258320152666499	0.38978345812049786	0.1755097082659547	0.6228128162558633	3.0933403585869903	2.0726404377284684	2.3725357437889354	2.663449530486104	2.244456662096069	2.2596553001936424	2.067454606663673	2.1423230105882634	2.18404431549821	2.0581444706544745	1.6803359428024836	2.095554278390442	1.7311067987690638	2.828404356803458	2.1999130683072554	2.183286323445113	2.5775787040275824	1.7898047820385201	1.758236310454274	3.325162485501854	2.247200639669091	2.346661185427222	2.4464899228949717	1.9930489606364414
PFF_Colon_19	0.5787196753093344	0.25081817569051285	0.6560367075679979	0.4334914771916327	0.7192054113001802	1.1255481487975056	3.209491277241123	1.2608583534729152	0.0	0.8093928877389454	0.17084140344355517	1.851730648398609	1.5165243743064738	2.2140378700867553	1.0029131713053272	1.5779750840027342	2.405063347121251	3.5602368373066167	1.9267367583201676	1.891705703654206	0.9128810925589174	2.100621523498731	1.1205198246630934	1.5153067764628296	1.4705092825399617	0.8601869563329455	0.3105026913585765	1.0534278059898246	0.3068942102946158	0.7306210938859938	1.0137638445962687	0.8925652482797543	1.54930517677839	0.961628883419919	1.1652778039142058	0.8109808005946386	2.0422666307272714	2.307254845449119	2.481586050389044	1.8306321363075582	1.8245813870928878	1.864775369313068	2.851069669761706	2.5963993043986933	2.647892664804206	2.5592302641595217	1.8192137767633652	2.7428436060930794	2.1311304552462023	2.200128412002572	2.5396432102385016	2.6313957612898244	2.136098729982359	2.3400631103655942	2.1995200432319977	2.3224979516147983	2.3970473204517937	2.123269819057839	2.601886632161597	2.5099148114347574
PFF_Colon_1904	0.655722131248103	0.8178577856427405	1.0466749059042293	0.9280867650184095	1.0919155787262618	1.2966547573518086	2.8000881828082056	1.0604625708438673	0.8093928877389454	0.0	0.7295334468534217	1.2672636679529603	0.851151377732287	1.5681080973012136	0.6332621959659102	1.3522895251262457	1.866202218756238	3.0572445635309498	1.543064156013127	1.9103698446265176	0.405353670206733	1.5703907724384114	1.484083079964608	1.7003916900126268	1.7417195392770248	0.3982768919716067	1.0267006160568977	0.5667061596935964	0.5245130543998818	1.4191222070465992	1.8087090392069822	0.8157176995942029	1.1092707892723237	0.8428512346501735	0.9207722199313665	0.455911824693021	2.138102711605076	1.5107968136854601	1.7175920075275282	1.630648990592195	1.265446438961847	1.294655634696107	2.0867646167781437	1.78750331153443	1.8390574936077138	1.7528911293467309	1.0189392031699924	1.9506653730857166	1.327692461875924	1.8256333918304442	1.733729662617052	1.8226145591444995	1.5994683383153554	1.5414887070478867	1.3930784982125672	2.345441746544672	1.6153475929697185	1.4732717202760863	1.8243919614371726	1.7055475237404425
PFF_Colon_1906	0.5598226620784716	0.12395290240287664	0.6544926991431773	0.5054286843928613	0.7345516731106904	1.1467793434872386	3.164509361757714	1.2083396569724525	0.17084140344355517	0.7295334468534217	0.0	1.7995543136433791	1.437162546003757	2.148869490598952	0.9410534483713894	1.559876025167469	2.349360205773724	3.50877378523217	1.8818070968767846	1.8837338193248412	0.8472126302505931	2.03999645707623	1.1707768573659316	1.5409607350934675	1.5167840940509212	0.801785648286607	0.39824750452936875	0.9381536347157359	0.25201158375173666	0.7554546577248907	1.085007443886689	0.841845524063921	1.5076597441778654	0.9450187626901636	1.1201685572571476	0.7506032831998796	2.0055264586461097	2.2070432112966047	2.3760052461533703	1.7719499757828683	1.7357788941596193	1.7723047177777373	2.7688835622674643	2.5046899921784407	2.556475644427167	2.465577226566679	1.7314960044687047	2.6564890614045913	2.029396067576661	2.1160971941909583	2.443415006740244	2.5374104581392456	2.052351732411083	2.250150744816407	2.1065516433992846	2.2785318904314518	2.298126639845133	2.0205894224189103	2.501637019291566	2.4148822711110385
PFF_Colon_1907	1.3210238064621422	1.8720308472267226	2.289762164766719	1.6584602668996709	1.594310319001151	1.386966603116116	1.6002816952390222	0.9053767932160208	1.851730648398609	1.2672636679529603	1.7995543136433791	0.0	0.48309038667223203	0.40019270371903015	0.8799124413474538	0.7847244338052528	0.6198908857048079	1.8050384780435953	0.5728081164354059	1.4566496416403376	0.9608795332961001	0.3808505828302089	1.7136962524136305	1.571929497383915	1.717457027527596	1.004176576608044	1.896944477633961	1.7014499600235813	1.6783275327122875	2.554988526892228	2.7947275522710937	1.1285446321082346	0.40700078822727453	1.0244551757163738	0.8480710803221506	1.0493232636131586	3.370425905254144	1.5525859043489014	1.9093694125109208	2.761420633534412	2.120784244249758	2.125538074833608	1.234681975400863	1.449822938395684	1.4808855382178516	1.3611439282840563	1.2720917490784138	1.3048211301028074	1.1876498155309583	2.7956821682859516	1.5805900109965159	1.4988270546354667	2.408884073156728	1.0896721856147014	1.1400280711266142	3.545747334393287	1.7476083653975647	2.1051619205323346	1.9223870328780823	1.3033743609609412
PFF_Colon_1908	1.048271632096311	1.5042844278141565	1.8872951927622676	1.4136357658680452	1.3928776611828295	1.328490571689262	2.0138773474419427	0.8065000152341734	1.5165243743064738	0.851151377732287	1.437162546003757	0.48309038667223203	0.0	0.7335430047450617	0.5995925275658864	0.9325780594606178	1.0424951617060976	2.2265728359685797	0.870379967015228	1.5916638957145246	0.6068689720720111	0.758708863472337	1.6360827917662932	1.611876621205623	1.7386412707076937	0.6646186661006884	1.6116009004543945	1.234855387087642	1.3039027492794597	2.182574003472134	2.4851423690178462	0.9019138709608601	0.5257779542605864	0.8686838220972178	0.7169164559385791	0.7230720515926077	2.917832407868862	1.294353122024986	1.6203023920377377	2.3191888243672008	1.7015798396772117	1.706428635906514	1.3715313671868257	1.342339187641057	1.385202324895609	1.264044916660281	0.9408665964218502	1.3347108399576777	0.9447221420887791	2.3592751101228897	1.402069880303421	1.3850118364260184	2.0065801467651125	0.9960578056449193	0.9567107317972009	3.091053696251273	1.478136412648759	1.713014929829475	1.6725317870641867	1.2017386510982722
PFF_Colon_1910	1.6971976568119036	2.2170024387748697	2.610740329745564	2.044381536374608	1.9733922166874485	1.7651885251786625	1.4620997731732515	1.2507776594300988	2.2140378700867553	1.5681080973012136	2.148869490598952	0.40019270371903015	0.7335430047450617	0.0	1.240652101057875	1.1268438094536013	0.4622216012515414	1.561159999946388	0.7869886475212265	1.7319590314743034	1.3054252322932964	0.4042580772056766	2.0942564980355414	1.9194334855287563	2.078506855742389	1.3555379744839042	2.273841917651531	1.927720484944801	2.0195339599651385	2.901356753439743	3.165722170620567	1.4937225313043652	0.7891668019289995	1.4127504389098169	1.2177436045673349	1.4062701275158505	3.6021731378732866	1.467799419047369	1.8286790810936582	2.9487254814969455	2.233658882039385	2.2288271212246547	0.880315791496306	1.2529989941261086	1.273183895418616	1.1532259040830946	1.319588777332805	1.015053249271843	1.102836742992514	2.91236616889894	1.4286628647420527	1.2984405316931544	2.4925064424736303	0.9091380089117049	1.028888908787338	3.7527042387755056	1.6693304268694984	2.144879154467372	1.8145139088091966	1.0981833313182454
PFF_Colon_1913	0.4690317212582297	1.0039330929695702	1.5035092282654625	0.8307575561792143	0.7955540283904395	0.8057857060664362	2.2521479344570046	0.43490993655486676	1.0029131713053272	0.6332621959659102	0.9410534483713894	0.8799124413474538	0.5995925275658864	1.240652101057875	0.0	0.7420623741843342	1.4084934320016211	2.572227010537154	0.9676719044777939	1.2941931049341142	0.23563188253116948	1.1001304247285963	1.0800541449298209	1.161470858404754	1.2522560741630508	0.2522392655315062	1.0390378943810767	1.1414244678023764	0.8703082493989708	1.6914555559699556	1.9254355394583027	0.322770846839288	0.5779673688267813	0.32328480499026935	0.2907157037022184	0.21884951598604455	2.7221996668970085	1.7665481461243093	2.0483088305187773	2.254561572122698	1.8350061861603097	1.8543628643563077	1.966857587497621	1.9027473190147166	1.9490654146197368	1.8346043342870362	1.3261576312616241	1.930624672577342	1.4643876717827782	2.4241679841506474	1.9259252986790565	1.9439241433752912	2.1686250780085867	1.574898110301438	1.5011964248235323	2.9443104612893833	1.9237270617248103	1.9646141771023615	2.1305779840694195	1.7744257748272518
PFF_Colon_1914	1.0051032720662563	1.61343552068017	2.169027710928753	1.2382281470819683	1.0624430775473244	0.7061340071277644	1.660524437382987	0.4549471645850572	1.5779750840027342	1.3522895251262457	1.559876025167469	0.7847244338052528	0.9325780594606178	1.1268438094536013	0.7420623741843342	0.0	1.0394423671089705	2.055811821866419	0.45840518518979595	0.722402357741972	0.9497354319977191	0.8096702686944903	1.0236346153436102	0.7955036086210795	0.9541513769662767	0.9580202510508599	1.4945835505042337	1.877779603760727	1.534694481997532	2.263594668051304	2.3531532975761396	0.7477676693813781	0.42739866432583457	0.6195696460828564	0.4811020471645965	0.9295287602380087	3.448586023875491	2.2186958858293706	2.551040540543113	2.9828099394231895	2.5173228471920517	2.533635120561401	2.0016238354113445	2.2009977832992695	2.2367761655888194	2.1139955231381284	1.8447444498301562	2.083568285877011	1.861767088581818	3.1393500995043904	2.3004328934895506	2.248032875932113	2.8411713468377546	1.8388336181720897	1.850121690851288	3.677676224671882	2.403384914033359	2.6003641694994704	2.596601514409064	2.052679100530575
PFF_Colon_1917	1.844897298568607	2.4088095768745394	2.8785543060817145	2.1635920100809343	2.0305750829846287	1.737596029325403	1.0131212188101084	1.2719204050796356	2.405063347121251	1.866202218756238	2.349360205773724	0.6198908857048079	1.0424951617060976	0.4622216012515414	1.4084934320016211	1.0394423671089705	0.0	1.1915362751124576	0.6075440561858482	1.5031278684885192	1.5368861963110898	0.3149981805512687	2.0598433189203256	1.7904437219403364	1.967478415695816	1.5802252122861478	2.4073476949270876	2.275796662197567	2.2570011053419727	3.0986658679443893	3.29333475961549	1.5892882510380706	0.8658142850777332	1.5021391268654245	1.2880830066288733	1.6067652241816308	3.9602232132747233	1.9210697998467245	2.278424288525377	3.3443063650711844	2.662250663745173	2.6591431168467046	1.1873445299798784	1.6866261814226995	1.7017675120638986	1.582937826952717	1.7675599436296576	1.3982320663101406	1.5504429786691452	3.3361812745954045	1.873556454990067	1.728981250941303	2.9334738424438838	1.3544309691379317	1.4837731781664292	4.129493576139101	2.1241986027887894	2.58803119224163	2.264922504785545	1.528877216104434
PFF_Colon_1920	2.9867178438093145	3.56052305238003	4.062160772097391	3.2763842623600223	3.0965787853616025	2.7345483988740686	0.5427237249580558	2.3524362462860804	3.5602368373066167	3.0572445635309498	3.50877378523217	1.8050384780435953	2.2265728359685797	1.561159999946388	2.572227010537154	2.055811821866419	1.1915362751124576	0.0	1.64519385741086	2.22532320259388	2.7198611571764757	1.4908715735258953	3.023551100293129	2.6456218773635944	2.8289235347858774	2.7610905397227214	3.52502546649168	3.4512452279697294	3.4346424516540037	4.246666920179142	4.387989996220254	2.705115015817831	2.0199401593278035	2.6203023007012405	2.4065543047822704	2.779151582485142	5.139083894993154	2.875255443139794	3.209361390863624	4.504220164376432	3.776193004338658	3.7660145517890364	1.7925334854479684	2.5121064427062887	2.505419480638989	2.413819412919125	2.851609456933697	2.1123423019265704	2.544852833689685	4.446385204062776	2.7421828862670363	2.542700198170716	4.0183955311143	2.2725771335354357	2.4580265585232093	5.297835977785177	3.067814619297096	3.6409484179575258	3.1573884794891733	2.377131753761752
PFF_Colon_1921	1.349381884397711	1.932532459621211	2.4691381755187582	1.6350136619763278	1.4621156418507806	1.1443111243792619	1.288272175211624	0.7184974744100531	1.9267367583201676	1.543064156013127	1.8818070968767846	0.5728081164354059	0.870379967015228	0.7869886475212265	0.9676719044777939	0.45840518518979595	0.6075440561858482	1.64519385741086	0.0	0.9470055877105914	1.1550732894451397	0.40313835652126806	1.4626380089544542	1.1936874031783917	1.374320912842939	1.1858579854707147	1.8800665174305309	2.016519150974555	1.8324192332980331	2.6106867043378235	2.7477659248904547	1.0646282704209027	0.45655913833420575	0.9809772741194364	0.7655719618799167	1.1809026996554435	3.666277919668671	2.0714038692176002	2.4185214116469687	3.1361464986265832	2.567864381747935	2.574305398347164	1.6570616661736257	1.9722464097179784	2.001188949067761	1.8733679888366248	1.7858271104150465	1.787980793631781	1.6915465677518562	3.216823431236257	2.1061073328446334	2.0167290594976315	2.8762358606162097	1.6080422617051089	1.6650855883016893	3.870682005555436	2.2701873784925306	2.5786453247226966	2.4452224806654264	1.8109958231497618
PFF_Colon_1937	1.3957569471271862	1.9002119403448836	2.5336799005171615	1.4928009281918801	1.1995560767527456	0.7941025612772787	1.7209315998706183	0.8826589890327154	1.891705703654206	1.9103698446265176	1.8837338193248412	1.4566496416403376	1.5916638957145246	1.7319590314743034	1.2941931049341142	0.722402357741972	1.5031278684885192	2.22532320259388	0.9470055877105914	0.0	1.5229055594006666	1.3459515886823887	0.9501849880918364	0.508504704255252	0.7017685756132013	1.52040848575646	1.700006949229017	2.4030222018670813	1.9484307810722963	2.463591150660548	2.402450496593559	1.1269047942450647	1.1285236438477353	1.0915318379873493	1.0067412434710292	1.455198493878183	3.8701091928695988	2.87955308108141	3.201099403176468	3.5073459204889574	3.124397864011681	3.140751743274502	2.601213584106017	2.8629036806594423	2.897238948570118	2.7676663680809424	2.5178338393115625	2.719486462669649	2.513297274102915	3.7028996829238365	2.9645573262918408	2.906149402198248	3.457470537465774	2.497157360087343	2.5157168002072905	4.124486728774053	3.066701183930183	3.2236651116394723	3.258002547952114	2.702684599576398
PFF_Colon_1938	0.4758372086664233	0.9257671708062549	1.3427979874875002	0.8348693211587009	0.8900651627706488	0.9772241463174565	2.4298287237717147	0.670411583756553	0.9128810925589174	0.405353670206733	0.8472126302505931	0.9608795332961001	0.6068689720720111	1.3054252322932964	0.23563188253116948	0.9497354319977191	1.5368861963110898	2.7198611571764757	1.1550732894451397	1.5229055594006666	0.0	1.2331158615835387	1.2210526797722765	1.3575079367684162	1.4270300521425567	0.06294122423115031	1.0177235725439555	0.9361360394731278	0.7225383375809346	1.6006329717648315	1.8913435975301018	0.49020967530774073	0.7299430346321605	0.4858805114421035	0.522038669627706	0.14026185151737708	2.523982171470951	1.629851713122186	1.8945782017638628	2.0340236577370763	1.6181866199955386	1.6406412805937942	1.95863991221536	1.809933852538128	1.8584890126585745	1.7533492784666527	1.1619307703544988	1.8848146858013564	1.3618203709166607	2.2077581259430614	1.8094543837329717	1.8503892022763175	1.9515090708918463	1.5054875393228437	1.4051679458121547	2.7395667413972284	1.7725486499834398	1.7685085490395405	1.9823831501233315	1.6974641506330763
PFF_Colon_1941	1.543405427883505	2.097320088850573	2.5739905775848806	1.8703997861173962	1.74181608430665	1.481878689483632	1.256568497546871	0.9796130550120079	2.100621523498731	1.5703907724384114	2.03999645707623	0.3808505828302089	0.758708863472337	0.4042580772056766	1.1001304247285963	0.8096702686944903	0.3149981805512687	1.4908715735258953	0.40313835652126806	1.3459515886823887	1.2331158615835387	0.0	1.8093043657842607	1.5819953375161602	1.7562150987290188	1.2775587784793254	2.107505878745923	1.9871865676135225	1.9521280484160421	2.788196591518145	2.9919420754159893	1.2860892720983996	0.580882775685776	1.21188636124872	0.9900763429895432	1.3006815478659715	3.670842219170323	1.7810296324477972	2.1353491056675096	3.076512701792292	2.4259843508336627	2.4254221224326793	1.2571519067947052	1.6227313907030327	1.6468345947092378	1.5198263617193875	1.569010381466573	1.4036224727194309	1.399278452094372	3.092495920946985	1.7785883898547636	1.6660192821174915	2.7124362329502674	1.2659764231293154	1.3553861234723965	3.84806086359375	1.9845067753979881	2.3804535193903797	2.1436966696054607	1.459209982621236
PFF_Colon_1942	0.8311502509841142	1.1859236293890865	1.7704963772901752	0.6994193515124558	0.46150955866183596	0.3296704568268451	2.568974710980585	0.9182083287669625	1.1205198246630934	1.484083079964608	1.1707768573659316	1.7136962524136305	1.6360827917662932	2.0942564980355414	1.0800541449298209	1.0236346153436102	2.0598433189203256	3.023551100293129	1.4626380089544542	0.9501849880918364	1.2210526797722765	1.8093043657842607	0.0	0.46535472350579327	0.364524255695414	1.1814388649541778	0.8640969174863848	1.9515418666753794	1.2875440439880959	1.6251086452957697	1.507365142071114	0.7993932206501141	1.3085024163003398	0.7808706354157768	0.9328171125402819	1.094808818318125	3.1571633418359393	2.8412258450046557	3.113538240258394	2.917666617475874	2.7378355125419342	2.7687858170462203	2.9328309552796124	2.9658385224710297	3.0103313907584073	2.895016079450928	2.379535654968638	2.9507446219146973	2.5424953254982756	3.227412813282888	3.000278325509794	3.0097700146290434	3.070770334215438	2.6272337167945676	2.570705993906474	3.439733750491774	2.9913223398239253	2.948315429729422	3.200410124436592	2.8347775100791344
PFF_Colon_1943	1.0955660735607051	1.5606741137251585	2.1708592152576323	1.0909954968001372	0.8179063074711455	0.41513277393955467	2.165817725921892	0.8502472487541172	1.5153067764628296	1.7003916900126268	1.5409607350934675	1.571929497383915	1.611876621205623	1.9194334855287563	1.161470858404754	0.7955036086210795	1.7904437219403364	2.6456218773635944	1.1936874031783917	0.508504704255252	1.3575079367684162	1.5819953375161602	0.46535472350579327	0.0	0.20761645988029157	1.3345821737286676	1.2902955315229663	2.2021807325332117	1.6265077967472705	2.0639230618991644	1.9606023094765268	0.9272197259748471	1.1823037012166573	0.8758257081056493	0.9186531007299263	1.2578306637999082	3.546000061292309	2.8902507324272935	3.193288658045788	3.2433080509313847	2.9610494516423196	2.9860080694617035	2.791910023057334	2.9417485296660053	2.9815401947149276	2.859157604204168	2.466707610420829	2.860719131187901	2.5544968347318044	3.502790552200182	3.0122647350133724	2.9870081273015385	3.2965326426504085	2.584895815641562	2.5660760580785342	3.8169306335507147	3.0603514390047675	3.1211495752836758	3.2635006703910596	2.796659207253124
PFF_Colon_1944	1.112172117093835	1.5367610942081775	2.1240794878237135	1.0410611298157801	0.7963537740926881	0.453902253245611	2.351134240707673	0.9931429031524323	1.4705092825399617	1.7417195392770248	1.5167840940509212	1.717457027527596	1.7386412707076937	2.078506855742389	1.2522560741630508	0.9541513769662767	1.967478415695816	2.8289235347858774	1.374320912842939	0.7017685756132013	1.4270300521425567	1.7562150987290188	0.364524255695414	0.20761645988029157	0.0	1.3959809492932695	1.2256567774686327	2.2405513202778864	1.6133255906817472	1.9887876598775933	1.8447642010519791	1.004762095465271	1.3235127507925528	0.9460582122426107	1.0378744262679156	1.3179156520452049	3.5113687425804754	2.999496163887505	3.295556868509442	3.2419612398842865	3.006864973965729	3.035399105487871	2.947179599533615	3.069316809522262	3.110308032173192	2.991342676002013	2.557453662906029	3.004430234527778	2.67622398469025	3.530064043628047	3.1312690565687196	3.115357763696838	3.340850817933756	2.717475400781686	2.688768406937034	3.7902053533279627	3.1628086829142195	3.190634075385298	3.3687860572953614	2.930331655336194
PFF_Colon_1945	0.42379694214572383	0.8840884799493764	1.3033688002077306	0.7782966509036382	0.847396899160976	0.9470113850379028	2.4651187856415313	0.6814146049061027	0.8601869563329455	0.3982768919716067	0.801785648286607	1.004176576608044	0.6646186661006884	1.3555379744839042	0.2522392655315062	0.9580202510508599	1.5802252122861478	2.7610905397227214	1.1858579854707147	1.52040848575646	0.06294122423115031	1.2775587784793254	1.1814388649541778	1.3345821737286676	1.3959809492932695	0.0	0.963830493005354	0.9414061189000797	0.6775143153237732	1.5557423824254868	1.8404785004668356	0.47353262932937434	0.7599609539739944	0.46169701156991466	0.5295563058064763	0.10334215765429636	2.5046144059460884	1.6775116022657461	1.9386400618314472	2.0271749401981496	1.6344192629269465	1.6588891329819155	2.0138378692271424	1.86211312623032	1.9107716740546181	1.8072285495528553	1.2031263897012996	1.9395341722104325	1.4156674690368658	2.216003387830666	1.8595304165589959	1.9028993571781807	1.9679005317927238	1.5600668395991888	1.4580951314542403	2.7248661528584286	1.816867106227293	1.7975429901663673	2.0271920239539742	1.752140205590363
PFF_Colon_1946	0.576906685934403	0.40474607192951007	0.9181754897710634	0.27680593323571623	0.5025219059961769	0.9350731834650498	3.1382387685649613	1.1930678030723887	0.3105026913585765	1.0267006160568977	0.39824750452936875	1.896944477633961	1.6116009004543945	2.273841917651531	1.0390378943810767	1.4945835505042337	2.4073476949270876	3.52502546649168	1.8800665174305309	1.700006949229017	1.0177235725439555	2.107505878745923	0.8640969174863848	1.2902955315229663	1.2256567774686327	0.963830493005354	0.0	1.3278273689197297	0.5868908464945086	0.8029693441785256	0.9017564539744101	0.8396090894882655	1.5502284175097183	0.9136915534524137	1.1266488509534778	0.8902990533755225	2.3008927531855696	2.5313434267542534	2.727154128903791	2.132885056187594	2.1196859337038787	2.1576985000693956	2.975535529422704	2.788143913956446	2.838734386609058	2.741384718611229	2.045145941244314	2.8976016267766513	2.3217461128401946	2.502052410083747	2.7511209613003156	2.8250642268340243	2.4361925811277128	2.5072269562808653	2.3845448517606416	2.590198321970753	2.6362746339624086	2.402718975669633	2.843652926635155	2.688024643466563
PFF_Colon_21	1.1333672856471468	0.9824834482496468	0.9398369711953379	1.334432480466819	1.5133574512443837	1.798161969625311	3.231437537165491	1.5385638241875021	1.0534278059898246	0.5667061596935964	0.9381536347157359	1.7014499600235813	1.234855387087642	1.927720484944801	1.1414244678023764	1.877779603760727	2.275796662197567	3.4512452279697294	2.016519150974555	2.4030222018670813	0.9361360394731278	1.9871865676135225	1.9515418666753794	2.2021807325332117	2.2405513202778864	0.9414061189000797	1.3278273689197297	0.0	0.7666374596439058	1.4020060787186595	1.906364260887909	1.2910532591099764	1.608075501892297	1.3746511711776077	1.4264369099859107	0.9817559655844308	1.689347708614704	1.4100483548529559	1.5008260579008572	1.144670220057417	0.8312786580279373	0.8579821635365334	2.268147861753932	1.8065477817883242	1.858645555196501	1.7937827381902218	1.0025332053472535	2.068030648644291	1.3481329763278667	1.3064181983334733	1.6808136811212833	1.8267106321001505	1.1601471759835549	1.6489759607755943	1.4563366426817952	1.8647721849467633	1.4564799106285475	1.0874561717945403	1.6442906403069315	1.755604774856995
PFF_Colon_25	0.5577434204606866	0.36338357882202615	0.6388415611680655	0.6062662916741626	0.8641779353460545	1.2157450667598284	3.1199538983958397	1.2098904799759076	0.3068942102946158	0.5245130543998818	0.25201158375173666	1.6783275327122875	1.3039027492794597	2.0195339599651385	0.8703082493989708	1.534694481997532	2.2570011053419727	3.4346424516540037	1.8324192332980331	1.9484307810722963	0.7225383375809346	1.9521280484160421	1.2875440439880959	1.6265077967472705	1.6133255906817472	0.6775143153237732	0.5868908464945086	0.7666374596439058	0.0	0.9165377155893203	1.2914115298909647	0.8584375914892168	1.4242853997534306	0.9220970972416733	1.0934275032238134	0.6567170599945444	1.9496600740962624	2.0059942189570714	2.1762345896376423	1.6307422053056566	1.5374336595960423	1.576312919777254	2.601160626799968	2.3078408227742075	2.359660438320495	2.2751975857910876	1.5191723670117916	2.4740811704566346	1.844032156857523	1.9579733916130266	2.2424164858808187	2.341595182813965	1.8559732213583116	2.065422102880529	1.915462386234245	2.206890917457932	2.0919407837636963	1.825203539557608	2.296294865631033	2.2279858800327803
PFF_Colon_27	1.281579293687009	0.6924319974471955	0.5842054932579577	1.0672513704777393	1.2752937251517125	1.7283727435777623	3.8811935159249065	1.911574072156764	0.7306210938859938	1.4191222070465992	0.7554546577248907	2.554988526892228	2.182574003472134	2.901356753439743	1.6914555559699556	2.263594668051304	3.0986658679443893	4.246666920179142	2.6106867043378235	2.463591150660548	1.6006329717648315	2.788196591518145	1.6251086452957697	2.0639230618991644	1.9887876598775933	1.5557423824254868	0.8029693441785256	1.4020060787186595	0.9165377155893203	0.0	0.5671539461250945	1.5486943254494128	2.2553937565368045	1.6603748390012771	1.8457810334563929	1.5059070741174803	1.6966704174901088	2.7994477055960654	2.9013777296666317	1.787390068876935	2.079817651013575	2.1209948105081105	3.4893568076284254	3.1555823381556123	3.2080623168158247	3.128142202276452	2.347694216599841	3.352078482022083	2.6806723042711247	2.238983134496745	3.0595921153492056	3.1829172730794046	2.341395801014195	2.93629640155974	2.7725190913532933	2.0077279406723436	2.8548996801789537	2.422927069335236	3.0443684149516286	3.081888847503294
PFF_Colon_28	1.4745961087341266	1.0197962611610247	1.1138061284255767	1.1616649863502182	1.2954181258884094	1.7099902115379464	3.973737586632704	2.0448031737705277	1.0137638445962687	1.8087090392069822	1.085007443886689	2.7947275522710937	2.4851423690178462	3.165722170620567	1.9254355394583027	2.3531532975761396	3.29333475961549	4.387989996220254	2.7477659248904547	2.402450496593559	1.8913435975301018	2.9919420754159893	1.507365142071114	1.9606023094765268	1.8447642010519791	1.8404785004668356	0.9017564539744101	1.906364260887909	1.2914115298909647	0.5671539461250945	0.0	1.7072855264413573	2.444910681772698	1.8048086801279963	2.0054942080189018	1.7712252211303343	2.1916024145195223	3.2685830980150405	3.402978009498959	2.3445039762116675	2.6242227207081577	2.6658354942241176	3.8410009695049268	3.5866908215700155	3.638686373566141	3.5491253649697807	2.7991459762463062	3.7396877348487823	3.1091210302108188	2.805011032394157	3.5154371827535567	3.618243751534638	2.895268772856824	3.3347227271080047	3.1903416309383603	2.508215069379079	3.3426365304056187	2.9602500618148446	3.5394631790231137	3.4984840076646138
PFF_Colon_30	0.34487912658460235	0.880627636260253	1.474109498302706	0.6345712712617722	0.5021280404910671	0.5555077324086919	2.33366790381675	0.36902975609598226	0.8925652482797543	0.8157176995942029	0.841845524063921	1.1285446321082346	0.9019138709608601	1.4937225313043652	0.322770846839288	0.7477676693813781	1.5892882510380706	2.705115015817831	1.0646282704209027	1.1269047942450647	0.49020967530774073	1.2860892720983996	0.7993932206501141	0.9272197259748471	1.004762095465271	0.47353262932937434	0.8396090894882655	1.2910532591099764	0.8584375914892168	1.5486943254494128	1.7072855264413573	0.0	0.7639246350711321	0.24037342960041108	0.3080824082538267	0.37908551273449353	2.7653402961959506	2.068662095524281	2.3372297808624367	2.3810734560464346	2.0528030602168883	2.0747492356453088	2.257456924541363	2.2157133591023843	2.2620083592553244	2.1450358480109597	1.6284291450091584	2.236233340874826	1.769024036996025	2.596627708770261	2.235588733872859	2.2554463319256355	2.3901788524239733	1.8858376661681906	1.813400669222293	3.0094673588581107	2.2219712382967964	2.210982672866702	2.4286841283861627	2.0832637577930693
PFF_Colon_32	0.9858697885258608	1.5741843950645282	2.058866871390449	1.3033368297578987	1.2068890314264689	0.9808970871135229	1.7154224404755247	0.5258320152666499	1.54930517677839	1.1092707892723237	1.5076597441778654	0.40700078822727453	0.5257779542605864	0.7891668019289995	0.5779673688267813	0.42739866432583457	0.8658142850777332	2.0199401593278035	0.45655913833420575	1.1285236438477353	0.7299430346321605	0.580882775685776	1.3085024163003398	1.1823037012166573	1.3235127507925528	0.7599609539739944	1.5502284175097183	1.608075501892297	1.4242853997534306	2.2553937565368045	2.444910681772698	0.7639246350711321	0.0	0.6470872268735641	0.4651215231241734	0.7733107004317473	3.245380381523386	1.7957954951147157	2.1331250928631724	2.709321194166037	2.1679151414263185	2.180099036331054	1.6315489463100044	1.7777733580902788	1.8146282094943698	1.693283592915443	1.4354348408246658	1.6818785136760765	1.4395547540016564	2.8149987244229457	1.8741050171485616	1.8250780938405409	2.4819148510663736	1.4176288169057012	1.42411049643521	3.449746550933216	1.981891568259706	2.2183947492814253	2.1732302211415964	1.6326637531609778
PFF_Colon_35	0.3868515650964061	1.0074390849334427	1.5518695738017454	0.6621815681133275	0.579730493440539	0.5027525602346645	2.2555642874543915	0.38978345812049786	0.961628883419919	0.8428512346501735	0.9450187626901636	1.0244551757163738	0.8686838220972178	1.4127504389098169	0.32328480499026935	0.6195696460828564	1.5021391268654245	2.6203023007012405	0.9809772741194364	1.0915318379873493	0.4858805114421035	1.21188636124872	0.7808706354157768	0.8758257081056493	0.9460582122426107	0.46169701156991466	0.9136915534524137	1.3746511711776077	0.9220970972416733	1.6603748390012771	1.8048086801279963	0.24037342960041108	0.6470872268735641	0.0	0.2597489479471056	0.39658061887138873	2.8573372753212967	2.069160190297704	2.355292538978386	2.446015487256194	2.095348869770723	2.120113275652356	2.1998246042419973	2.1864505000400545	2.231382083718835	2.1179431356670366	1.616467898492892	2.1891238123687327	1.766524641882417	2.6649832102202162	2.2209162362285104	2.2305186151464653	2.429052959469981	1.8521259444770541	1.7909943793273255	3.0997260436994	2.2251474055841074	2.2543732595474997	2.433022150818863	2.0588153018032296
