	SLCFP145	SLCFP146	SLCFP147	SLCFP151	SLCFP152	SLCFP153	SLCFP157	SLCFP158	SLCFP159	SLCFP163	SLCFP164	SLCFP165	SLCFP169	SLCFP170	SLCFP171	SLCFP175	SLCFP176	SLCFP177	SLCFP001	SLCFP002	SLCFP003	SLCFP007	SLCFP008	SLCFP009	SLCFP013	SLCFP014	SLCFP015	SLCFP019a	SLCFP020	SLCFP021	SLCFP025	SLCFP026	SLCFP027	SLCFP031	SLCFP032	SLCFP033	SLCFP037	SLCFP038	SLCFP039	SLCFP043	SLCFP044	SLCFP045	SLCFP049	SLCFP050	SLCFP051	SLCFP055	SLCFP056	SLCFP057	SLCFP061	SLCFP062	SLCFP063	SLCFP067	SLCFP068	SLCFP069	SLCFP073	SLCFP074	SLCFP075	SLCFP079	SLCFP080	SLCFP081	SLCFP085	SLCFP086	SLCFP087	SLCFP091	SLCFP092	SLCFP093	SLCFP097	SLCFP098	SLCFP099	SLCFP103	SLCFP104	SLCFP105	SLCFP109	SLCFP110	SLCFP111	SLCFP115	SLCFP116	SLCFP117	SLCFP121	SLCFP122	SLCFP123	SLCFP127	SLCFP128	SLCFP129	SLCFP133	SLCFP134	SLCFP135	SLCFP139	SLCFP140	SLCFP141
SLCFP145	0.0	1.6253023895726582	1.9386828470192687	1.5829902441104915	1.035448795193685	1.3183432492180245	0.3186601919677285	1.8291690439301787	2.0085605671268403	0.571432358471156	0.42334833155596563	0.3430509979970508	2.62099220719273	1.1072664622456396	0.6943802542710614	1.7118586222897134	0.7725208240431282	0.7009552109652526	2.7555608667930587	3.023425862235708	2.95241151699343	2.7077983259891876	2.836567214586072	2.9486103747738612	2.379764150584608	2.9398322967579675	2.863299267467561	2.6190422493802896	2.4240382393217876	2.433490805695994	2.39788800063505	2.5704985956961024	2.939951953538017	3.095026467637672	2.961122797288043	2.6006312765507453	3.280826233741669	3.048849309090325	3.3376115445680217	2.4701247929849273	2.47373314276439	2.4495524715418373	3.4142846020634208	3.1953606463740174	3.699531126261064	2.358894620713567	2.9762785929694915	3.1716003212551094	2.7047783571432973	2.6884841403398574	3.067995939003616	2.8157876268665234	2.938320787473691	2.914338361699467	3.226271752876456	3.228772818610414	2.7349604958787017	3.1085644428098944	2.8370420189258514	2.6278687981726727	3.2965453976778822	3.1643992071719635	2.891410080379119	2.9605817357466977	3.2982165639790426	3.193191749875173	3.071740093997177	3.226626077484461	2.877259490705738	3.8018289193616677	4.193509749922976	3.978091290070946	2.1773410492559493	2.9021489410005383	2.6901551376963098	2.691520358216807	2.3415526620141858	2.736211818787856	2.590892488510667	2.729311058898819	2.7492359597171565	3.180994789296367	2.7991746821836427	3.0488603863748724	3.1699217373329027	2.983312209119488	3.387218367983781	2.311609223723391	2.3013562688849976	2.3565115173438698
SLCFP146	1.6253023895726582	0.0	0.36202722437955603	2.9515765879802807	0.5933634458885443	0.30957926661263874	1.349771529365189	0.3759515476977123	0.4159560413707245	2.114703772453724	1.894853992621975	1.5568829443894547	4.064583175230419	2.3819050716957557	1.6936380466551673	3.0671212253057134	1.4359555527822916	1.195327684506317	2.906291831400648	2.506148542763021	2.226377881348403	2.9251711832395464	2.0681513506100755	2.3386372391952275	2.9642198247046543	2.298180550146458	2.1104516412156773	2.5519858622807203	2.206428920692642	1.998371049969501	2.8399851720410196	2.507518481793528	2.2849529643140762	3.9158450608453927	3.5868200677342306	2.147754630760003	2.9643775931376055	2.8410448220128885	2.839324572068817	2.663865733437731	2.386841267748181	2.095160053483557	3.1996797751523522	2.7929099073316936	2.892631387652563	2.3811557682484965	2.3802799540762956	2.261930422397306	3.083787206042431	2.946121377437261	2.4946230029242122	3.3433858697276935	3.4957149085264043	2.8509306087390747	4.17810028980397	4.06293586697221	3.3333197417580265	4.001595029058999	3.737473605203561	3.114271279002623	4.031834740993074	3.7547738414251834	2.8789125323365967	2.5636307005082175	2.7307925204003713	2.49776097577357	3.2601747230572506	3.223205568385479	2.806531846120183	3.5164710682204063	3.8716502627858977	3.5565227824657124	2.7578963953941664	2.7657595075390593	2.2333449093910804	3.482054927302006	2.6285658701935137	2.794759094851532	2.21766612494165	2.6799076052007442	2.5445953183493297	3.535198934583889	3.0899770506635305	2.7533324114867543	3.600677283729478	2.9622658296843007	2.9803049584040275	2.6236723398214385	2.138895937581034	1.660615564268567
SLCFP147	1.9386828470192687	0.36202722437955603	0.0	3.29779806656952	0.9280944951297012	0.6319127135955582	1.6461923041967619	0.22199025127438057	0.07571222868736179	2.436652042506939	2.2170212903717355	1.8762439487894567	4.405710010166002	2.7222143191932036	2.0309956911242226	3.4121240145235703	1.77756004870653	1.5244930023769439	3.193286844182798	2.6987735716314853	2.383226426128231	3.2188965699933214	2.2239042292864246	2.5179250400911988	3.29092795891746	2.4721211275506043	2.2671594304927063	2.82050515561814	2.46610201820011	2.2299180269552603	3.155756179487792	2.7748056513283683	2.455021631749136	4.247006831225116	3.9084307709717856	2.3681978362456166	3.175151941825426	3.071595639357111	3.016008790192914	2.9582536272026063	2.6521281450398715	2.3333141967685216	3.4264602126048302	2.997389920024472	3.0010872314986545	2.6654282504774582	2.558314856437193	2.362704233748846	3.3916720274879153	3.243632188030167	2.6738539694618977	3.658223976938474	3.811223672397927	3.1050904210220436	4.511643279858048	4.38872443292523	3.6479106691509027	4.3327847604521015	4.068532531569119	3.423273047039168	4.355002152766679	4.069371701776047	3.1337194895233127	2.7753953228898833	2.9015234593103463	2.646809278441745	3.543309597925933	3.4812723155566605	3.064121793165791	3.7196881471762406	4.058649185370838	3.732747147476834	3.0863443936445862	3.0110099695357624	2.446376667715312	3.8123496820428806	2.928644528459401	3.0567464314295245	2.4483911664393903	2.9398471528557755	2.7866704994474345	3.8329853661147704	3.3892683624420252	2.9756888713269487	3.902383479919815	3.224031671837926	3.1742798032863204	2.930814813458742	2.403889516698272	1.857057735183848
SLCFP151	1.5829902441104915	2.9515765879802807	3.29779806656952	0.0	2.394587517399754	2.682292125065413	1.8653241999832233	3.2486797304541155	3.360105140312462	1.0654783134954664	1.2136507556080987	1.5056640020175573	1.1230020723326686	0.5962277564363723	1.2783465423956186	0.13916002856749285	1.5363993236626172	1.7869177413739414	2.2779467561852145	3.116769119921164	3.25336728411384	2.175288809111276	3.2088366855170882	3.146897271195477	1.5632270069171628	3.1691978866396178	3.213227155482645	2.4155249429343506	2.4478250114503197	2.6490449690595055	1.7380907824234244	2.376311655152296	3.1789033241667513	1.80794097021799	1.904514687794591	2.7674362230472975	3.1076538157774665	2.829692318720045	3.32288468956275	2.052994008873245	2.34068792057345	2.582214478187067	3.1168105055059314	3.133321480570713	3.9129004220826666	2.174427583034675	3.1500063198884787	3.5786640447829403	1.9982465315432687	2.1192842975461503	3.1976803244720995	1.9029136198659098	1.9589112826510422	2.594113648940925	1.8055514424921333	1.910311131606073	1.7646058199442651	1.7511167592818466	1.5153847683543564	1.819320036899577	2.0605857168576196	2.0971744970806294	2.5250611899789708	2.954908996268486	3.36373966462969	3.401245091354448	2.4535044715100995	2.7626565478195397	2.5802407181981115	3.487571167007405	3.8473206690032393	3.7656389534327435	1.463353433580176	2.6581201130266385	2.8250139228398834	1.5161380636332318	1.8789782541735338	2.352637087526028	2.6870506199967186	2.45688601225921	2.623639648125968	2.3619350823456333	2.158030393373399	2.9188946882379128	2.2681921974345287	2.605078995143571	3.2767329299029915	1.8391642943953608	2.3210225191285687	2.8209471605886045
SLCFP152	1.035448795193685	0.5933634458885443	0.9280944951297012	2.394587517399754	0.0	0.2963032997288986	0.775391546353217	0.8554215515327235	0.993419326978767	1.5267569563276404	1.3102759394891759	0.9786498282298673	3.5015944080732027	1.8328670489860668	1.1539606098947748	2.514578137482449	0.9263091565922047	0.6667630210803913	2.693377498710253	2.541145472111296	2.3434488801982982	2.6893882230523944	2.198025305391322	2.4075397299635104	2.6083110130240224	2.3796092665389894	2.2349476478087693	2.4044614950492464	2.0995119025933895	1.971003258011645	2.5248251268071473	2.356623055386241	2.372010090451551	3.5129108183903073	3.2362806549170275	2.1375150349944025	2.932722709231148	2.7620072727225593	2.8791245348515666	2.425610687967719	2.239180804471854	2.039243259576317	3.1342413527136648	2.790108790527153	3.067772069125226	2.19051719742285	2.4449805461621152	2.4675064726091276	2.7983326519579874	2.6971002056471063	2.5538293211305167	3.0178399739930106	3.1647220450296656	2.715948230750275	3.7417170709249588	3.659413392063846	2.9861910836515437	3.57959285232749	3.3093311517982653	2.7959054167613893	3.656848072800936	3.4194777116921684	2.726694830795556	2.5499448690085162	2.7959635794861324	2.6115853687095782	3.0462519277361846	3.077909245887245	2.6721163181419056	3.487643197321074	3.86506313411886	3.583051530614629	2.395261633828092	2.6555816447856238	2.229854526955513	3.0798042367507326	2.3568093215067165	2.6135293781927014	2.1770278010311053	2.532614587866659	2.4516664197542233	3.271618954425143	2.8345894256283515	2.705555411082302	3.3135656943737435	2.8148175106545814	2.985974523956384	2.3423155457623364	2.0058007199218633	1.7316019871712975
SLCFP153	1.3183432492180245	0.30957926661263874	0.6319127135955582	2.682292125065413	0.2963032997288986	0.0	1.0402106171071777	0.5695225666296887	0.6978771616462374	1.814481897426728	1.59649088259387	1.2598725115553489	3.789840677000914	2.1144554621819105	1.4283840332246474	2.800252484346796	1.1878614178884972	0.9272279080755098	2.835559368173129	2.5630946559545214	2.3231514010934817	2.84207136281229	2.1704763893496826	2.411689499628264	2.8157453782971396	2.3773551636480996	2.2101956666672593	2.5139862500319294	2.187160049423016	2.0180021527524388	2.712863908191482	2.4662967405070018	2.366468162548576	3.7420534386503337	3.44272968213208	2.1779346400021766	2.987766104945063	2.8381957205491486	2.89821779355906	2.577127283618942	2.3454326904911396	2.099981985366123	3.20799146325465	2.831846408746276	3.0227122912514894	2.3185473109104384	2.4506823037229513	2.402663007358729	2.9746006295888647	2.855920515872819	2.563360366603997	3.2120543327556175	3.361764148724276	2.819244037336759	3.9838032311783476	3.8870796368972638	3.1877295856272725	3.8154983236219615	3.546679235812865	2.98419579481649	3.873710151752297	3.6186885011882266	2.8362359599668268	2.594944063762695	2.803787608637009	2.5939302967625513	3.1899921126370256	3.18926433028197	2.7760290189706383	3.5437723074430774	3.9108014934248003	3.612539536853967	2.604571355032405	2.746521320038962	2.2670044297372716	3.307132375269865	2.521839754204707	2.7346187566130253	2.2322901767644687	2.6403667709542007	2.533144145893915	3.4391834856662404	2.997296971202091	2.767667358136272	3.4908994670255074	2.9260846240267195	3.023343843483645	2.5134066511804236	2.103149006893787	1.725964134050818
SLCFP157	0.3186601919677285	1.349771529365189	1.6461923041967619	1.8653241999832233	0.775391546353217	1.0402106171071777	0.0	1.532545366621238	1.7178569649861668	0.8524864020955697	0.6691447177425347	0.4213126763985924	2.9138555416176053	1.349085682386337	0.8080877555624706	1.9905455855073506	0.7864725762211714	0.5899820558874639	2.8347371362574907	2.983888356871785	2.8716275756042973	2.7978140532330307	2.7459015431435945	2.889566601892862	2.5317221566665187	2.8746733780548577	2.7756784102678282	2.652821165015314	2.4224325483161464	2.3895658015201318	2.5206580298340224	2.6001566145792143	2.8711347616968546	3.2998476029141486	3.131450928842902	2.559761920649079	3.2795447088307577	3.0603189978561964	3.3015038562681287	2.5457295258056165	2.492636639189525	2.418845059903702	3.4386227641719	3.180465342575761	3.6172486173477356	2.39908677506412	2.9183756271481514	3.0581716778085126	2.825832181046261	2.7854533674650113	3.017427085004823	2.9638895662402973	3.0941021743989414	2.950976072347264	3.4501478385744107	3.431184531379096	2.8875284505882446	3.321439933269654	3.04566743487596	2.7580786325598394	3.487280188804466	3.3285952463876955	2.931275525373835	2.9396112142311437	3.252960442025332	3.1211498215482933	3.1639576817839927	3.285627143479516	2.914837168749452	3.815589015040967	4.203373275638072	3.968945173032954	2.321562942392828	2.92440009857291	2.649300236500515	2.8829591083987713	2.425679447599279	2.780800971390186	2.563540553198734	2.76257024289166	2.7548600693419716	3.3061898249655264	2.9062617166068025	3.0477555717129343	3.3055058492377065	3.034003980927913	3.371816912916523	2.4046901659506195	2.2994423438231055	2.2587967985599042
SLCFP158	1.8291690439301787	0.3759515476977123	0.22199025127438057	3.2486797304541155	0.8554215515327235	0.5695225666296887	1.532545366621238	0.0	0.27066678230069446	2.350471934584388	2.1369056714366508	1.8022539704826879	4.35275355105796	2.6809018498445463	1.9944260433306449	3.367384132855916	1.7549021791548347	1.4883139903693203	3.2804995084797057	2.8403418967198006	2.538545201921619	3.3004973133389317	2.3780054602483194	2.6649047240827977	3.3357542340836512	2.6210778789327303	2.4217126751595406	2.921308399166285	2.572153346649361	2.3527867741235147	3.214572519363262	2.877583218758036	2.606577110849928	4.281333098587073	3.959474203878722	2.4970361172250413	3.3125849135086423	3.199249935752369	3.1698877057444586	3.0394088009062306	2.75678014861635	2.4541877530417167	3.5537050142457782	3.1349197449314192	3.1734643509047773	2.7549204174636466	2.707832675563796	2.538927656824	3.4596252472942473	3.321833529630333	2.8223885634525403	3.7176449493763886	3.8697032268439897	3.2178588498565053	4.535115575863351	4.426561510706257	3.7041253952477136	4.36197519276438	4.095253147742479	3.487487327242215	4.401459699225374	4.128427190331354	3.2465485325909484	2.9102191982971855	3.0545436799647208	2.807931783310643	3.634137214604346	3.5905683605637235	3.1736898876873387	3.8613232566889493	4.209266354870176	3.8864130038081126	3.1282694201751315	3.129515072468429	2.58055330090528	3.8466380715425976	3.0033993508351164	3.1636161369112714	2.5727563184870785	3.048697593286967	2.9067467503817785	3.9110302381030038	3.4657134882790563	3.106218170608125	3.9763243820901115	3.3305509901699457	3.3193264766745147	2.999282413456391	2.508372428123216	1.997598160690749
SLCFP159	2.0085605671268403	0.4159560413707245	0.07571222868736179	3.360105140312462	0.993419326978767	0.6978771616462374	1.7178569649861668	0.27066678230069446	0.0	2.50628762855478	2.2864562225280842	1.9457955394144477	4.469733780899882	2.785237470244421	2.0942880709620217	3.474219741396816	1.8378069375230155	1.5895472533443709	3.2147588827355507	2.6938870784936935	2.3708345556078676	3.243024605383053	2.2110340189868274	2.5103138765152053	3.3284848479611537	2.4633310872288674	2.2547343113828764	2.836183547929565	2.4793117108566127	2.2364649054603234	3.18948903839078	2.7919495823675384	2.446042999399968	4.2892545319026745	3.944415082643657	2.3714677183684323	3.176993452616223	3.080095292437162	3.010701503530969	2.984333544833959	2.670303228419148	2.3429164268593117	3.430140648617135	2.9955081286580234	2.977516302144108	2.687189464239732	2.551569121099	2.3402500731179696	3.4208436659309522	3.2692330578781474	2.6666969029383405	3.6920980814348803	3.845446145667433	3.119526264424492	4.558689648586408	4.432162300213639	3.685792554433704	4.378195511606796	4.115406260995886	3.4581560020366755	4.394059001815366	4.103901826699469	3.151381721186245	2.776500644651859	2.892476700776183	2.633590863981986	3.5640575432026176	3.4943950742623766	3.0778586810355875	3.7190118494982753	4.054909913470134	3.725414321432808	3.125400923793517	3.0231268818265313	2.4488477301256264	3.855535299446214	2.9597314383024043	3.0790382753288674	2.4548440949497956	2.956696731124643	2.7978782716505224	3.8587014671129065	3.41487927243715	2.9800247628923824	3.931494820497834	3.238297155499282	3.171522149339487	2.961850623504662	2.421965455319107	1.8571394380113073
SLCFP163	0.571432358471156	2.114703772453724	2.436652042506939	1.0654783134954664	1.5267569563276404	1.814481897426728	0.8524864020955697	2.350471934584388	2.50628762855478	0.0	0.22719632721719105	0.5699250874111523	2.06635422697827	0.6528383041473745	0.6555298034847539	1.1866049519073931	0.9059802440729979	0.995408560649398	2.6326304914958714	3.111209415978867	3.110535438329073	2.5628086638876173	3.018171991576966	3.0706376194270435	2.122550152746254	3.072619957225139	3.0368614256910402	2.5859210284627405	2.4632110472043043	2.540645188914024	2.1901200366416393	2.532735301260541	3.07422023110953	2.700565998905634	2.646147555888625	2.6976766528653817	3.274282635090199	3.014905630183215	3.38494743061967	2.3479884312913675	2.4482162971803514	2.5229648299396805	3.374750990134184	3.232337169570363	3.843839425219443	2.315907385856969	3.086928982675261	3.367638345316915	2.5010043457421696	2.5296500208313595	3.1672763008618943	2.541309017446038	2.645526838292723	2.84224837680176	2.775667244803044	2.8132555788580516	2.425014293711546	2.6803655034835745	2.411711176000204	2.3692613627549393	2.920676935672453	2.8459202033119673	2.79259302634917	3.007429189677723	3.3800285968258117	3.3211847678559328	2.910050971277998	3.12211025708858	2.8173611054668104	3.7591959018299947	4.143319973415638	3.9743314308662128	1.9384871022594068	2.855819075220328	2.7757153422537826	2.3205605926668635	2.186354763351948	2.617058638485047	2.6602390666115876	2.664719578565994	2.7395164392830016	2.954303542042728	2.622453727868821	3.052637797860236	2.908571458185568	2.9009544572630674	3.406622820361606	2.1599566603221936	2.3227161511661265	2.548213600308555
SLCFP164	0.42334833155596563	1.894853992621975	2.2170212903717355	1.2136507556080987	1.3102759394891759	1.59649088259387	0.6691447177425347	2.1369056714366508	2.2864562225280842	0.22719632721719105	0.0	0.3445231654752302	2.2530250783277785	0.7167898751788938	0.48230115651568944	1.3341200834149376	0.7059252435466393	0.7700854124100159	2.55483688088645	2.9605869987947164	2.9387156827672007	2.4929031309326852	2.8409097825438203	2.9092201492925462	2.1009664958721883	2.9081022636946647	2.861162698791281	2.473615922729537	2.3257528694391727	2.380708404925108	2.142728112766937	2.417680059301164	2.9079745324680784	2.748975583246068	2.653540292230728	2.5415818164195403	3.1492232799884943	2.8959920119183957	3.2402227020437895	2.2636687011315497	2.325194048788461	2.3702609078996346	3.266453269437348	3.097341396331309	3.676672474144568	2.2034982622748833	2.9264958645402266	3.1830836929316138	2.456749471396416	2.465086461938571	3.0114129187418888	2.525563556052679	2.639084296766183	2.7379676750393545	2.8528150318113115	2.8656810745020396	2.417273911925288	2.742773278165027	2.4685870609358234	2.337225498174113	2.9562905516258504	2.851464994044999	2.692258910105931	2.8666660711959815	3.229148874598163	3.1556792731061174	2.8475346184049912	3.0362679054586525	2.712228870694639	3.6483735284452625	4.03346973706319	3.85016582780657	1.9052653268404152	2.7417721734234526	2.6209588712013097	2.3508352898928373	2.1081230087602565	2.5195694298685174	2.5112364054687757	2.5557382828991413	2.6125700658031605	2.9208330415521453	2.5675471415407376	2.924866078581275	2.886308138424721	2.806048782871187	3.2738313926374323	2.0860790036812022	2.183667523542077	2.3630534671399595
SLCFP165	0.3430509979970508	1.5568829443894547	1.8762439487894567	1.5056640020175573	0.9786498282298673	1.2598725115553489	0.4213126763985924	1.8022539704826879	1.9457955394144477	0.5699250874111523	0.3445231654752302	0.0	2.5720313783758115	0.9551283813541674	0.41520833705235166	1.6238614572442203	0.49900460400502533	0.45133222456285865	2.523730916663614	2.795387521042822	2.732213104329938	2.4758800473272062	2.6234630352710413	2.723621344198798	2.1665024968589535	2.716375852348803	2.647061566144504	2.3844412416863867	2.192532539237007	2.2035052335038996	2.168474399371562	2.3254575726273643	2.7132631956845374	2.9044833460697883	2.7528244365012022	2.3701108251834886	3.031294943639067	2.7919851063060657	3.0861802076266134	2.2273893363450314	2.220785437259271	2.208453775004841	3.1759733525955403	2.9605589288864835	3.4756476516276402	2.1190876082450427	2.7434928053034837	2.950184961170831	2.4811672867162304	2.4572453343079523	2.8363438166340647	2.5931283587186913	2.7188341121997173	2.6611188432651214	3.0456002104799973	3.026155582591653	2.4993906188288983	2.917458539082959	2.639214726276829	2.3843621064805833	3.0925889223720775	2.9463133821203478	2.623925731288129	2.7217432346233426	3.062324371284983	2.9613161890347763	2.837955519353302	2.9864776093829053	2.633384944595772	3.5517609422359184	3.936788613009074	3.7289970161915225	1.9580678641339657	2.647857534021932	2.452046652394917	2.48703532892112	2.0862961647957707	2.459128904824154	2.354331750789556	2.473272870066534	2.4969464452041197	2.9560568028583982	2.573363501426558	2.8036931890615966	2.9397219323934234	2.7433813814732906	3.140788830827704	2.0708382947448687	2.0515739893977427	2.134082630860293
SLCFP169	2.62099220719273	4.064583175230419	4.405710010166002	1.1230020723326686	3.5015944080732027	3.789840677000914	2.9138555416176053	4.35275355105796	4.469733780899882	2.06635422697827	2.2530250783277785	2.5720313783758115	0.0	1.6886921380879651	2.37876995753303	1.0107206302563485	2.645543771018756	2.8849841731173265	2.9988481849686925	4.012545930982775	4.212744629805304	2.8809907264249572	4.1929681636834495	4.078466434025986	2.223830476730227	4.11002319569503	4.190130994538814	3.254343599014892	3.3734601453160473	3.6193059906678835	2.454119308502091	3.221304615579125	4.121497700529923	1.9048012678407893	2.261992789288578	3.7135222043760816	3.8857871327988422	3.6086957841141816	4.154489219742803	2.839873081388552	3.21305333644074	3.529579020667743	3.835031125351659	3.9640049385914713	4.809167160622014	3.0509761955109043	4.071135540227176	4.553210721989277	2.627911721025381	2.8128685963936717	4.1005048840949	2.393273667032833	2.3761673383254394	3.350204957425824	1.652077619382364	1.9124153527387056	2.227370455382578	1.7380327237685127	1.6358649977127102	2.4040100587545306	2.1608580520805742	2.393152212435096	3.258371071391609	3.8221401735632363	4.230435126253154	4.319318295654602	3.0603048221363425	3.423648177934911	3.3530008083661924	4.161711728812927	4.474269585713911	4.474992189286336	2.220330342247074	3.444262664550671	3.7542746166724434	1.8535603935952585	2.6679028160383695	3.0930043325533765	3.6146839893264042	3.2522300763471526	3.4677900954200016	2.837834645090348	2.8004550331442015	3.7349623711693183	2.6880089810320835	3.333827127773474	4.07153649568293	2.6369829093732475	3.253566922851519	3.8461825139489756
SLCFP170	1.1072664622456396	2.3819050716957557	2.7222143191932036	0.5962277564363723	1.8328670489860668	2.1144554621819105	1.349085682386337	2.6809018498445463	2.785237470244421	0.6528383041473745	0.7167898751788938	0.9551283813541674	1.6886921380879651	0.0	0.6920394683762792	0.6974880997822781	0.9578852866127532	1.2027220207419351	2.1149518478527782	2.775179420285624	2.85265671885919	2.029643417487786	2.7902431350309045	2.773419507078353	1.5238447235618755	2.787267019769202	2.799316228113469	2.1494930226842865	2.105121093317602	2.25260151867398	1.6213443714662803	2.0957832355848653	2.7915873029851586	2.0528299969883723	2.0118681705849544	2.3899033073169136	2.842252876148839	2.566638811499078	3.004634704180202	1.8420030500491487	2.02942755290152	2.2011654809979166	2.907740703821533	2.840708392889116	3.5487832450232317	1.8840325683208665	2.778589070908971	3.1490570292325875	1.9267185268350453	1.9867398820870579	2.8428662776614506	1.9235506787052503	2.0182349538516537	2.363480466872268	2.1376289154888632	2.1626736559933026	1.7920889235557635	2.033569365806652	1.7621871353822356	1.7631107141192621	2.2707921049580144	2.2072373784894754	2.296852138436295	2.6342642438264914	3.03098098605316	3.024467331823365	2.3554693738121046	2.6064426474094007	2.3484004996008347	3.283700425197837	3.6570491102676783	3.529688509029121	1.3570112709252116	2.4002940368578685	2.453675345877916	1.6715820232276042	1.6619426634811874	2.1146866256581127	2.325250516501885	2.199706102821113	2.322922910781336	2.357222813602494	2.0640497871899908	2.6359701906113235	2.2926144542414195	2.409222251401941	2.9954374097085816	1.6371152970630578	1.958757207186496	2.360390056943152
SLCFP171	0.6943802542710614	1.6936380466551673	2.0309956911242226	1.2783465423956186	1.1539606098947748	1.4283840332246474	0.8080877555624706	1.9944260433306449	2.0942880709620217	0.6555298034847539	0.48230115651568944	0.41520833705235166	2.37876995753303	0.6920394683762792	0.0	1.3867504730102695	0.28872057297516857	0.512449071377235	2.127167196138341	2.488434068493803	2.471645155647561	2.0740886265867973	2.3795712588982023	2.438200588656135	1.7556051676206041	2.4380789401647056	2.3975576357844695	2.016360134211373	1.8574349821303455	1.9092240154130569	1.7566212545008226	1.9556990831580061	2.4368596688937125	2.5131885995017322	2.3439498030298935	2.069239572412487	2.6780139236187077	2.427361641793454	2.7613248041619025	1.8293768368479673	1.856702946381521	1.8946234046940622	2.8076355286464927	2.6261251904198457	3.205234395583032	1.7460791397813542	2.452264218691315	2.720842392967247	2.0710341740896347	2.0527054590450247	2.537347053761027	2.1796815499309083	2.306299012224147	2.280596937751837	2.6761094318748406	2.6380432388767945	2.087037550225157	2.536945291991439	2.2587096764840426	1.9691575309058522	2.692566791805852	2.5353494652589825	2.23710143615048	2.392794545045405	2.753517186792205	2.6818733788656886	2.433513016882475	2.595780960565792	2.2562152785001364	3.1842881041383473	3.568367068381747	3.378354195886735	1.546323582122889	2.27711160842713	2.1455163544793554	2.0891748231516627	1.680548939735633	2.0684648779982684	2.0372808235329045	2.095100063912061	2.141094608928891	2.5438744290055273	2.166668974299367	2.453891855290673	2.52512796518278	2.3587375119425595	2.7996754105323953	1.6656020366919868	1.708944434555355	1.9040883682625203
SLCFP175	1.7118586222897134	3.0671212253057134	3.4121240145235703	0.13916002856749285	2.514578137482449	2.800252484346796	1.9905455855073506	3.367384132855916	3.474219741396816	1.1866049519073931	1.3341200834149376	1.6238614572442203	1.0107206302563485	0.6974880997822781	1.3867504730102695	0.0	1.643714964853736	1.897746276454146	2.284744772101801	3.159607571914816	3.309442657208478	2.178258767407032	3.2708498450775303	3.1969183656242337	1.5512188333814911	3.22122338666384	3.2733418377569605	2.4445124605715933	2.4947365237103694	2.705916028433992	1.7367972295047411	2.4044167787282325	3.2307775658677924	1.7238792593258092	1.8525614676458921	2.819250123678067	3.126050094287652	2.845866891820943	3.3507557310091953	2.0674598789541943	2.3727588793801027	2.6325234461177596	3.127361419110517	3.163419178317412	3.956909029434777	2.208535316476845	3.196845055895288	3.6373162439183004	1.9873106660363433	2.1195593325258004	3.2413092052655315	1.8672676826160428	1.9139728974925927	2.6055568352910603	1.6966689155493107	1.8140716957278016	1.7178818143192442	1.6522197226182969	1.4218481770334221	1.792465230767272	1.9791699720203924	2.038001290985382	2.5294479451286946	2.990457805717187	3.40035046514331	3.447762182702099	2.4424057596963222	2.7616331648804433	2.596282340206758	3.4903615039784217	3.8429549321978222	3.7748951628988454	1.466244512127593	2.675150772971492	2.8723496593654456	1.450479390194217	1.8892747147771605	2.355300859159592	2.7340953794612184	2.4740945423675	2.6516109442834903	2.331417144423192	2.1511335799124685	2.944012401090529	2.2266546388092587	2.6143153682269267	3.2990033849729232	1.853435197900517	2.366231161144342	2.8910502289743105
SLCFP176	0.7725208240431282	1.4359555527822916	1.77756004870653	1.5363993236626172	0.9263091565922047	1.1878614178884972	0.7864725762211714	1.7549021791548347	1.8378069375230155	0.9059802440729979	0.7059252435466393	0.49900460400502533	2.645543771018756	0.9578852866127532	0.28872057297516857	1.643714964853736	0.0	0.31503157993526626	2.065776259657892	2.2982231675706086	2.247230747769041	2.028074381774514	2.1452289619179363	2.2306409711439388	1.799046379205391	2.2253744450365254	2.1663924855630317	1.8977553514988388	1.6957077482641727	1.7077853025831315	1.7615565821432515	1.8379165749279835	2.2227479504143157	2.6338111777088	2.411125100128377	1.873406682948788	2.535383774637489	2.3007003457811117	2.588086329237285	1.7700058845519073	1.7302194897522531	1.7098047225813038	2.6860971472691175	2.462087915862088	2.9881014070264755	1.6357822864370961	2.2489690552510693	2.480079469536603	2.066440961157551	2.016462442140226	2.340250463299323	2.2200790283543492	2.356808161637577	2.1793031448646496	2.8336322415107116	2.7678120490315195	2.1510426160065164	2.679646981305722	2.4043715450760668	1.999531615452455	2.7942973946993916	2.598586890785666	2.150522111478499	2.2228237897621312	2.564737042124088	2.470353333050903	2.3920839818495625	2.5146744175703066	2.149655978369669	3.060253838066317	3.4460205743953	3.2321170495159683	1.5835833936260075	2.1595802881090242	1.9543469122132588	2.201140047828206	1.644684832608202	1.9960016650164798	1.8556760034946282	1.9904073907096473	2.0025014663959078	2.5450639779254347	2.1415409116340864	2.3071020156925037	2.5479803950599105	2.266207896254597	2.64255532809786	1.631201477074887	1.5544891825217082	1.6610376096914234
SLCFP177	0.7009552109652526	1.195327684506317	1.5244930023769439	1.7869177413739414	0.6667630210803913	0.9272279080755098	0.5899820558874639	1.4883139903693203	1.5895472533443709	0.995408560649398	0.7700854124100159	0.45133222456285865	2.8849841731173265	1.2027220207419351	0.512449071377235	1.897746276454146	0.31503157993526626	0.0	2.3257993332585096	2.4411811731351722	2.3398526319639426	2.2965001449315308	2.223469531254821	2.3503602687527523	2.1032680774663173	2.337503150227226	2.2492606303064546	2.1203395488275345	1.8828462674598	1.8454797117705277	2.053120726081434	2.0583108945531423	2.3310698906693004	2.9428590401872787	2.716677969189235	2.0150622699604264	2.7218985537649476	2.501267880634301	2.7380236760478485	2.031029871291165	1.941615520694055	1.8653444005600128	2.8957875700946656	2.6329733388636756	3.0824976938174267	1.8676617545530958	2.3714584084202994	2.5335208811109293	2.354045260119387	2.2898180747587036	2.4712729089522893	2.518786125468094	2.657447478710677	2.404129815097472	3.1368462833653674	3.0711713624112638	2.44824266511756	2.984355643627836	2.706994103524836	2.2900265171054444	3.100685463279498	2.9002101313098936	2.3782349469926936	2.3882372695954435	2.702672360646742	2.576537671715009	2.659087415328321	2.7558977266475018	2.374967596280343	3.2598575761332493	3.6413694061547695	3.409197964082624	1.8869563995313594	2.3712180516347714	2.0973629122612834	2.508688789354645	1.9132063036881493	2.2278800385479527	2.0142063862586124	2.2136438198191324	2.1984442499256205	2.8312702527914726	2.420168957901338	2.494120886404945	2.8388062967814647	2.5020217526525528	2.8140601200063764	1.906641326974742	1.7449520773584808	1.7271398252235803
SLCFP001	2.7555608667930587	2.906291831400648	3.193286844182798	2.2779467561852145	2.693377498710253	2.835559368173129	2.8347371362574907	3.2804995084797057	3.2147588827355507	2.6326304914958714	2.55483688088645	2.523730916663614	2.9988481849686925	2.1149518478527782	2.127167196138341	2.284744772101801	2.065776259657892	2.3257993332585096	0.0	1.1629182560795503	1.5073856909874603	0.12145142990850795	1.573289033937552	1.3105967512829997	0.7750517171130026	1.3635719986975605	1.546677860234216	0.44562869723040793	0.796819892702938	1.114636145064256	0.5577559815319806	0.4743490386135648	1.3838875550573124	1.5484895437573611	1.0334921176504173	1.0799101283319212	0.9147263473974124	0.6803502775607333	1.2289418515110533	0.3114728746695155	0.594037336838284	0.9876124482871756	0.8471334947174016	1.0097355677625826	1.9023358265267012	0.5285667685533062	1.2866156449761221	1.866847044518376	0.41467383292926197	0.19287461554378127	1.2620670514499166	0.7662276072296121	0.8903104819231493	0.41959229453436736	1.9691376918804788	1.7124532944868502	0.9463819667491633	1.7529723142968932	1.6313015324677032	0.696864572308083	1.5077995112352236	1.1107159961955135	0.46669474707019465	0.9475954317319609	1.3151438430737223	1.498692061591227	0.35847682343606735	0.5013506120483638	0.3924073948947389	1.221152411555524	1.5937976713842574	1.5078143709015563	0.8194360643734817	0.5316097742862942	1.0646797546804345	1.2811360492014199	0.5166827683504245	0.5241283083074993	0.9547455685416538	0.42113851072664094	0.6476758779471379	0.6748103659049084	0.2777058431028283	0.7936465919119504	0.8148969074479341	0.3420849101607987	1.0989172363502673	0.4878511562836982	0.8185673548592011	1.5310161908811155
SLCFP002	3.023425862235708	2.506148542763021	2.6987735716314853	3.116769119921164	2.541145472111296	2.5630946559545214	2.983888356871785	2.8403418967198006	2.6938870784936935	3.111209415978867	2.9605869987947164	2.795387521042822	4.012545930982775	2.775179420285624	2.488434068493803	3.159607571914816	2.2982231675706086	2.4411811731351722	1.1629182560795503	0.0	0.41231714439026024	1.2738508167020373	0.5450912595673096	0.20667296971131022	1.8534715947925497	0.26671255013948675	0.5025050563541661	0.7775545812543818	0.6733307597854102	0.595884457592502	1.6101507503867838	0.80625853686865	0.2935946499258774	2.7083861128013917	2.1945287203547927	0.4265029081677159	0.5674412805873744	0.6580187904701426	0.4275868150088557	1.207524910980297	0.820133556771911	0.5996081655018414	0.8088400174247905	0.32130312306422115	0.8024839588912077	0.9626697258566852	0.18774295715524797	0.742942779989601	1.5732002081604897	1.3430291099141456	0.11703743985808014	1.9230254663641986	2.0463826275394497	0.8528139378806545	3.121498511137105	2.8590358459392835	2.066505296351676	2.903661987006267	2.7615890426041085	1.796598902433932	2.6567705103008095	2.2519614732412014	1.0022348799824456	0.23520007515535818	0.2893052491363193	0.35489942859234647	1.3648125156765847	1.0779455853657591	0.8024508627189657	1.0571572246921954	1.4037537582803519	1.071672767190095	1.8029589738291152	0.7242466480546336	0.3564034653504247	2.4155734329421064	1.3830641399299892	1.1418710254837776	0.4565855337370149	0.853597852218239	0.5976432573686488	1.755640890237362	1.438313812340098	0.4515579354506024	1.9205556061243696	0.9220614513570969	0.513646718181283	1.3907995217007676	0.826744890924489	0.8537653626212766
SLCFP003	2.95241151699343	2.226377881348403	2.383226426128231	3.25336728411384	2.3434488801982982	2.3231514010934817	2.8716275756042973	2.538545201921619	2.3708345556078676	3.110535438329073	2.9387156827672007	2.732213104329938	4.212744629805304	2.85265671885919	2.471645155647561	3.309442657208478	2.247230747769041	2.3398526319639426	1.5073856909874603	0.41231714439026024	0.0	1.6086877165027877	0.1654298515113317	0.21102280709056573	2.1307718497792734	0.1509657990225661	0.11798478956262301	1.0814374433603644	0.8487845102878849	0.6048567875104754	1.8895591944698216	1.0890937723342065	0.13280105951195187	3.0369985478961943	2.5338035107847916	0.5004612694977953	0.9551297511198622	1.0265579000877283	0.7128250595805905	1.491477103317194	1.05617932982596	0.6880008038146781	1.216276785659674	0.7243840264639614	0.7475028888426912	1.1952080178694189	0.25925899980097405	0.3832292513172102	1.9032466538365491	1.6737976136312813	0.3420307171920039	2.2547877574066497	2.3874699270544273	1.2123427264250966	3.4383977930441234	3.187339157783862	2.3757377352657043	3.2205277504735825	3.0561831490234903	2.099944597916834	3.004678517575543	2.606154127794681	1.335338459641241	0.6087702828879004	0.536840929985899	0.2872615852216371	1.7451940492540228	1.4792427451931052	1.1662646927421598	1.4238980539181745	1.7340108773843124	1.377852398946112	2.046617466183401	1.0779413633580284	0.4799194568860897	2.7131390521665573	1.6358163316181882	1.4340676509151395	0.6108653631789026	1.1716233342345466	0.9041840784710334	2.1335957237525585	1.7849687802358536	0.841180792563607	2.2880111973616057	1.3036772821778595	0.874734625207029	1.6468892401914625	0.9674572939330355	0.6253434151810663
SLCFP007	2.7077983259891876	2.9251711832395464	3.2188965699933214	2.175288809111276	2.6893882230523944	2.84207136281229	2.7978140532330307	3.3004973133389317	3.243024605383053	2.5628086638876173	2.4929031309326852	2.4758800473272062	2.8809907264249572	2.029643417487786	2.0740886265867973	2.178258767407032	2.028074381774514	2.2965001449315308	0.12145142990850795	1.2738508167020373	1.6086877165027877	0.0	1.6686689128287306	1.415387740542236	0.6579507715896805	1.4670257713482397	1.6434854348033316	0.5344294497981327	0.8675093487794887	1.189145285027496	0.44575321616599106	0.5484429680944376	1.4862281996985376	1.436933217965698	0.9263893089026976	1.1674175470918269	1.0281477389996945	0.7848762174489539	1.3407599243996948	0.280656845237417	0.6514933760440608	1.0603396554968556	0.9594090239129068	1.1278920346381174	2.019053421968065	0.5638330342888112	1.3915091604018865	1.968329274015495	0.2998802424016301	0.07177707199612657	1.371830806883798	0.6543266294116032	0.7844987384274195	0.5182533501408817	1.8546381809280288	1.602011687839202	0.8303997407886416	1.6382074336134695	1.5119185798619614	0.5809104245888548	1.4055985439947276	1.0144024191258971	0.5266532914423335	1.0575234411652092	1.4304512972580778	1.6077914350855256	0.3673172787604793	0.5900516526053238	0.5038810955356144	1.3227817200497853	1.6872521362734902	1.616048688792147	0.7135266884111913	0.63283685778684	1.156611234893535	1.1610312018774953	0.4498984095511521	0.539323198008354	1.0411693465622962	0.5010209603030663	0.7413741142388924	0.6204492854382959	0.18845625042034542	0.9072180636713333	0.7388842171611879	0.4552873282065884	1.2143499601279333	0.4157154847187918	0.867033595441594	1.5984398162244071
SLCFP008	2.836567214586072	2.0681513506100755	2.2239042292864246	3.2088366855170882	2.198025305391322	2.1704763893496826	2.7459015431435945	2.3780054602483194	2.2110340189868274	3.018171991576966	2.8409097825438203	2.6234630352710413	4.1929681636834495	2.7902431350309045	2.3795712588982023	3.2708498450775303	2.1452289619179363	2.223469531254821	1.573289033937552	0.5450912595673096	0.1654298515113317	1.6686689128287306	0.0	0.3397807726219174	2.1555114162769415	0.28105456145000945	0.04959469742948896	1.1349946194446499	0.859104408003869	0.5754555710245429	1.9193071433295628	1.1381866131950402	0.26810980582935945	3.086506609575713	2.5904875109970016	0.5150502141124029	1.0958018575940471	1.1397357647431028	0.8706580981964893	1.5305421401770225	1.0910664033080546	0.6867470036256846	1.353330457313277	0.8650141171598701	0.8768863242459678	1.2160398340972223	0.3968555902918585	0.4035969650395339	1.957206642559539	1.7310172237818668	0.4922621195463186	2.310039903655902	2.4475761254460005	1.3041668433389273	3.482424239059698	3.2408302198813628	2.423529606581083	3.265453729876385	3.0906796873915927	2.1463955368957457	3.067882765792936	2.6747031309400993	1.4219996803199948	0.7235159834859914	0.7000221881501263	0.4490844737997443	1.8337569833865364	1.5903127318727628	1.2536833679295858	1.5800655020997472	1.8966778820108776	1.5421178804297402	2.0569102587219326	1.1719274092725223	0.5270491478874315	2.748194287241284	1.66303753236631	1.501968830250587	0.6408399593269377	1.2428462491307035	0.9798234071295674	2.217685965973722	1.84898075106912	0.960556400794812	2.367524469823416	1.3981060311289093	1.0287218277150192	1.670202741117028	0.9663176612539979	0.502333886458483
